$GNGGA,064031.000,0758.19941,S,03450.34892,W,1,06,1.36,25.9,M,-10.2,M,,*67
$GPGSA,A,3,02,31,26,16,08,27,,,,,,,1.64,1.36,0.92,1*1D
$BDGSA,A,3,,,,,,,,,,,,,1.64,1.36,0.92,4*07
$GPGSV,4,1,13,2,62,321,22,1,57,244,16,31,38,149,29,26,35,86,26*48
$GPGSV,4,2,13,16,33,44,26,3,28,197,17,4,28,235,,8,16,343,23*7E
$GPGSV,4,3,13,28,10,146,,10,10,63,,27,10,15,16,9,6,265,*78
$GPGSV,4,4,13,7,2,321,*4E
$BDGSV,0,1,00*69
$GNRMC,064031.000,A,0758.19941,S,03450.34892,W,0.000,68.04,140725,,,A*78
$GNZDA,064031.000,14,07,2025,,*4F
$GNGGA,064032.000,0758.19941,S,03450.34888,W,1,07,1.25,26.4,M,-10.2,M,,*62
$GPGSA,A,3,02,31,26,16,08,28,27,,,,,,1.51,1.25,0.85,1*15
$BDGSA,A,3,,,,,,,,,,,,,1.51,1.25,0.85,4*05
$GPGSV,4,1,13,2,62,321,23,1,57,244,16,31,38,149,30,26,35,86,26*41
$GPGSV,4,2,13,16,33,44,26,3,28,197,17,4,28,235,,8,16,343,24*79
$GPGSV,4,3,13,28,10,146,20,10,10,63,,27,10,15,16,9,6,265,*7A
$GPGSV,4,4,13,7,2,321,*4E
$BDGSV,0,1,00*69
$GNRMC,064032.000,A,0758.19941,S,03450.34888,W,0.000,68.04,140725,,,A*70
$GNZDA,064032.000,14,07,2025,,*4C
$GNGGA,064033.000,0758.19943,S,03450.34879,W,1,07,1.25,26.8,M,-10.2,M,,*63
$GPGSA,A,3,02,31,26,16,08,28,27,,,,,,1.51,1.25,0.85,1*15
$BDGSA,A,3,,,,,,,,,,,,,1.51,1.25,0.85,4*05
$GPGSV,4,1,13,2,62,321,23,1,57,244,16,31,38,149,32,26,35,86,27*42
$GPGSV,4,2,13,16,33,44,28,3,28,197,17,4,28,235,,8,16,343,24*77
$GPGSV,4,3,13,28,10,146,20,10,10,63,,27,10,15,16,9,6,265,*7A
$GPGSV,4,4,13,7,2,321,*4E
$BDGSV,0,1,00*69
$GNRMC,064033.000,A,0758.19943,S,03450.34879,W,0.000,68.04,140725,,,A*7D
$GNZDA,064033.000,14,07,2025,,*4D
$GNGGA,064034.000,0758.19943,S,03450.34873,W,1,07,1.25,27.0,M,-10.2,M,,*67
$GPGSA,A,3,02,31,26,16,08,28,27,,,,,,1.51,1.25,0.85,1*15
$BDGSA,A,3,,,,,,,,,,,,,1.51,1.25,0.85,4*05
$GPGSV,4,1,13,2,62,321,23,1,57,244,16,31,38,149,32,26,35,86,27*42
$GPGSV,4,2,13,16,33,44,27,3,28,197,18,4,28,235,,8,16,343,24*77
$GPGSV,4,3,13,28,10,146,20,10,10,63,,27,10,15,16,9,6,265,*7A
$GPGSV,4,4,13,7,2,321,*4E
$BDGSV,0,1,00*69
$GNRMC,064034.000,A,0758.19943,S,03450.34873,W,0.000,68.04,140725,,,A*70
$GNZDA,064034.000,14,07,2025,,*4A
$GNGGA,064035.000,0758.19941,S,03450.34871,W,1,07,1.25,27.3,M,-10.2,M,,*65
$GPGSA,A,3,02,31,26,16,08,28,27,,,,,,1.51,1.25,0.85,1*15
$BDGSA,A,3,,,,,,,,,,,,,1.51,1.25,0.85,4*05
$GPGSV,4,1,13,2,62,321,23,1,57,244,16,31,38,149,31,26,35,86,27*41
$GPGSV,4,2,13,16,33,44,27,3,28,197,17,4,28,235,,8,16,343,24*78
$GPGSV,4,3,13,28,10,146,20,10,10,63,,27,10,15,16,9,6,265,*7A
$GPGSV,4,4,13,7,2,321,*4E
$BDGSV,0,1,00*69
$GNRMC,064035.000,A,0758.19941,S,03450.34871,W,0.000,68.04,140725,,,A*71
$GNZDA,064035.000,14,07,2025,,*4B
$GNGGA,064036.000,0758.19938,S,03450.34871,W,1,07,1.25,27.6,M,-10.2,M,,*6D
$GPGSA,A,3,02,31,26,16,08,28,27,,,,,,1.51,1.25,0.85,1*15
$BDGSA,A,3,,,,,,,,,,,,,1.51,1.25,0.85,4*05
$GPGSV,4,1,13,2,62,321,22,1,57,244,16,31,38,149,31,26,35,86,28*4F
$GPGSV,4,2,13,16,33,44,27,3,28,197,17,4,28,235,,8,16,343,22*7E
$GPGSV,4,3,13,28,10,146,20,10,10,63,,27,10,15,15,9,6,265,*79
$GPGSV,4,4,13,7,2,321,*4E
$BDGSV,0,1,00*69
$GNRMC,064036.000,A,0758.19938,S,03450.34871,W,0.000,68.04,140725,,,A*7C
$GNZDA,064036.000,14,07,2025,,*48
$GNGGA,064037.000,0758.19937,S,03450.34871,W,1,07,1.25,27.7,M,-10.2,M,,*62
$GPGSA,A,3,02,31,26,16,08,28,27,,,,,,1.51,1.25,0.85,1*15
$BDGSA,A,3,,,,,,,,,,,,,1.51,1.25,0.85,4*05
$GPGSV,4,1,13,2,62,321,22,1,57,244,16,31,38,149,28,26,35,86,27*48
$GPGSV,4,2,13,16,33,44,27,3,28,197,17,4,28,235,,8,16,343,22*7E
$GPGSV,4,3,13,28,10,146,20,10,10,63,,27,10,15,15,9,6,265,*79
$GPGSV,4,4,13,7,2,321,*4E
$BDGSV,0,1,00*69
$GNRMC,064037.000,A,0758.19937,S,03450.34871,W,0.000,68.04,140725,,,A*72
$GNZDA,064037.000,14,07,2025,,*49
$GNGGA,064038.000,0758.19936,S,03450.34870,W,1,07,1.25,27.8,M,-10.2,M,,*62
$GPGSA,A,3,02,31,26,16,08,28,27,,,,,,1.51,1.25,0.85,1*15
$BDGSA,A,3,,,,,,,,,,,,,1.51,1.25,0.85,4*05
$GPGSV,4,1,13,2,62,321,23,1,57,244,17,31,38,149,28,26,35,86,29*46
$GPGSV,4,2,13,16,33,44,30,3,28,197,16,4,28,235,,8,16,343,21*7A
$GPGSV,4,3,13,28,10,146,19,10,10,63,,27,10,15,15,9,6,265,*73
$GPGSV,4,4,13,7,2,321,*4E
$BDGSV,0,1,00*69
$GNRMC,064038.000,A,0758.19936,S,03450.34870,W,0.000,68.04,140725,,,A*7D
$GNZDA,064038.000,14,07,2025,,*46
$GNGGA,064039.000,0758.19938,S,03450.34873,W,1,07,1.25,28.0,M,-10.2,M,,*69
$GPGSA,A,3,02,31,26,16,08,28,27,,,,,,1.51,1.25,0.85,1*15
$BDGSA,A,3,,,,,,,,,,,,,1.51,1.25,0.85,4*05
$GPGSV,4,1,13,2,62,321,23,1,57,244,17,31,38,149,30,26,35,86,29*4F
$GPGSV,4,2,13,16,33,44,29,3,28,197,16,4,28,235,,8,16,343,21*72
$GPGSV,4,3,13,28,10,146,19,10,10,63,,27,10,15,15,9,6,265,*73
$GPGSV,4,4,13,7,2,321,*4E
$BDGSV,0,1,00*69
$GNRMC,064039.000,A,0758.19938,S,03450.34873,W,0.000,68.04,140725,,,A*71
$GNZDA,064039.000,14,07,2025,,*47
$GNGGA,064040.000,0758.19940,S,03450.34878,W,1,07,1.25,28.0,M,-10.2,M,,*63
$GPGSA,A,3,02,31,26,16,08,28,27,,,,,,1.51,1.25,0.85,1*15
$BDGSA,A,3,,,,,,,,,,,,,1.51,1.25,0.85,4*05
$GPGSV,4,1,13,2,62,321,23,1,57,244,17,31,38,149,27,26,35,86,29*49
$GPGSV,4,2,13,16,33,44,27,3,28,197,16,4,28,235,,8,16,343,20*7D
$GPGSV,4,3,13,28,10,146,19,10,10,63,,27,10,15,15,9,6,265,*73
$GPGSV,4,4,13,7,2,321,*4E
$BDGSV,0,1,00*69
$GNRMC,064040.000,A,0758.19940,S,03450.34878,W,0.000,68.04,140725,,,A*7B
$GNZDA,064040.000,14,07,2025,,*49
$GNGGA,064041.000,0758.19941,S,03450.34876,W,1,07,1.25,28.1,M,-10.2,M,,*6C
$GPGSA,A,3,02,31,26,16,08,28,27,,,,,,1.51,1.25,0.85,1*15
$BDGSA,A,3,,,,,,,,,,,,,1.51,1.25,0.85,4*05
$GPGSV,4,1,13,2,62,321,23,1,57,244,17,31,38,149,27,26,35,86,29*49
$GPGSV,4,2,13,16,33,44,29,3,28,197,16,4,28,235,,8,16,343,19*79
$GPGSV,4,3,13,28,10,146,20,10,10,63,,27,10,15,15,9,6,265,*79
$GPGSV,4,4,13,7,2,321,*4E
$BDGSV,0,1,00*69
$GNRMC,064041.000,A,0758.19941,S,03450.34876,W,0.000,68.04,140725,,,A*75
$GNZDA,064041.000,14,07,2025,,*48
$GNGGA,064042.000,0758.19943,S,03450.34875,W,1,07,1.25,28.0,M,-10.2,M,,*6F
$GPGSA,A,3,02,31,26,16,08,28,27,,,,,,1.51,1.25,0.85,1*15
$BDGSA,A,3,,,,,,,,,,,,,1.51,1.25,0.85,4*05
$GPGSV,4,1,13,2,62,321,23,1,57,244,18,31,38,149,31,26,35,86,29*41
$GPGSV,4,2,13,16,33,44,27,3,28,197,16,4,28,235,,8,16,343,19*77
$GPGSV,4,3,13,28,10,146,21,10,10,63,,27,10,15,15,9,6,265,*78
$GPGSV,4,4,13,7,2,321,*4E
$BDGSV,0,1,00*69
$GNRMC,064042.000,A,0758.19943,S,03450.34875,W,0.000,68.04,140725,,,A*77
$GNZDA,064042.000,14,07,2025,,*4B
$GNGGA,064043.000,0758.19944,S,03450.34878,W,1,07,1.25,27.9,M,-10.2,M,,*62
$GPGSA,A,3,02,31,26,16,08,28,27,,,,,,1.51,1.25,0.85,1*15
$BDGSA,A,3,,,,,,,,,,,,,1.51,1.25,0.85,4*05
$GPGSV,4,1,13,2,62,321,23,1,58,244,20,31,38,149,30,26,35,86,30*4C
$GPGSV,4,2,13,16,33,44,28,3,28,197,15,4,28,235,,8,16,343,18*7A
$GPGSV,4,3,13,28,10,146,20,10,10,63,,27,10,15,15,9,6,265,*79
$GPGSV,4,4,13,7,2,321,*4E
$BDGSV,0,1,00*69
$GNRMC,064043.000,A,0758.19944,S,03450.34878,W,0.000,68.04,140725,,,A*7C
$GNZDA,064043.000,14,07,2025,,*4A
$GNGGA,064044.000,0758.19946,S,03450.34879,W,1,07,1.25,27.8,M,-10.2,M,,*67
$GPGSA,A,3,02,31,26,16,08,28,27,,,,,,1.51,1.25,0.85,1*15
$BDGSA,A,3,,,,,,,,,,,,,1.51,1.25,0.85,4*05
$GPGSV,4,1,13,2,62,321,24,1,58,244,20,31,38,149,29,26,35,86,30*43
$GPGSV,4,2,13,16,33,44,28,3,28,197,15,4,28,235,,8,16,343,19*7B
$GPGSV,4,3,13,28,10,146,20,10,10,63,,27,10,15,16,9,6,265,*7A
$GPGSV,4,4,13,7,2,321,*4E
$BDGSV,0,1,00*69
$GNRMC,064044.000,A,0758.19946,S,03450.34879,W,0.000,68.04,140725,,,A*78
$GNZDA,064044.000,14,07,2025,,*4D
$GNGGA,064045.000,0758.19949,S,03450.34879,W,1,07,1.25,27.9,M,-10.2,M,,*68
$GPGSA,A,3,02,31,26,16,08,28,27,,,,,,1.51,1.25,0.85,1*15
$BDGSA,A,3,,,,,,,,,,,,,1.51,1.25,0.85,4*05
$GPGSV,4,1,13,2,62,321,23,1,58,244,20,31,38,149,29,26,35,86,29*4C
$GPGSV,4,2,13,16,33,44,28,3,28,197,15,4,28,235,,8,16,343,19*7B
$GPGSV,4,3,13,28,10,146,20,10,10,63,,27,10,15,16,9,6,265,*7A
$GPGSV,4,4,13,7,2,321,*4E
$BDGSV,0,1,00*69
$GNRMC,064045.000,A,0758.19949,S,03450.34879,W,0.000,68.04,140725,,,A*76
$GNZDA,064045.000,14,07,2025,,*4C
$GNGGA,064046.000,0758.19952,S,03450.34887,W,1,07,1.25,27.9,M,-10.2,M,,*60
$GPGSA,A,3,02,31,26,16,08,28,27,,,,,,1.51,1.25,0.85,1*15
$BDGSA,A,3,,,,,,,,,,,,,1.51,1.25,0.85,4*05
$GPGSV,4,1,13,2,62,321,23,1,58,244,20,31,38,149,29,26,35,86,29*4C
$GPGSV,4,2,13,16,33,44,28,3,28,197,15,4,28,235,,8,16,343,19*7B
$GPGSV,4,3,13,28,10,146,20,10,10,63,,27,10,15,17,9,6,265,*7B
$GPGSV,4,4,13,7,2,321,*4E
$BDGSV,0,1,00*69
$GNRMC,064046.000,A,0758.19952,S,03450.34887,W,0.000,68.04,140725,,,A*7E
$GNZDA,064046.000,14,07,2025,,*4F
$GNGGA,064047.000,0758.19954,S,03450.34883,W,1,07,1.25,28.1,M,-10.2,M,,*64
$GPGSA,A,3,02,31,26,16,08,28,27,,,,,,1.51,1.25,0.85,1*15
$BDGSA,A,3,,,,,,,,,,,,,1.51,1.25,0.85,4*05
$GPGSV,4,1,13,2,62,321,23,1,58,244,20,31,38,149,29,26,35,86,29*4C
$GPGSV,4,2,13,16,33,44,28,3,28,197,15,4,28,235,,8,16,343,19*7B
$GPGSV,4,3,13,28,10,146,20,10,10,63,,27,10,15,17,9,6,265,*7B
$GPGSV,4,4,13,7,2,321,*4E
$BDGSV,0,1,00*69
$GNRMC,064047.000,A,0758.19954,S,03450.34883,W,0.000,68.04,140725,,,A*7D
$GNZDA,064047.000,14,07,2025,,*4E
$GNGGA,064048.000,0758.19955,S,03450.34891,W,1,07,1.25,28.1,M,-10.2,M,,*69
$GPGSA,A,3,02,31,26,16,08,28,27,,,,,,1.51,1.25,0.85,1*15
$BDGSA,A,3,,,,,,,,,,,,,1.51,1.25,0.85,4*05
$GPGSV,4,1,13,2,62,321,23,1,58,244,20,31,38,149,31,26,35,86,29*45
$GPGSV,4,2,13,16,33,44,28,3,28,197,15,4,28,235,,8,16,343,19*7B
$GPGSV,4,3,13,28,10,146,21,10,10,63,,27,10,15,18,9,6,265,*75
$GPGSV,4,4,13,7,2,321,*4E
$BDGSV,0,1,00*69
$GNRMC,064048.000,A,0758.19955,S,03450.34891,W,0.000,68.04,140725,,,A*70
$GNZDA,064048.000,14,07,2025,,*41
$GNGGA,064049.000,0758.19955,S,03450.34895,W,1,07,1.25,28.2,M,-10.2,M,,*6F
$GPGSA,A,3,02,31,26,16,08,28,27,,,,,,1.51,1.25,0.85,1*15
$BDGSA,A,3,,,,,,,,,,,,,1.51,1.25,0.85,4*05
$GPGSV,4,1,13,2,62,321,23,1,58,244,22,31,38,149,29,26,35,86,29*4E
$GPGSV,4,2,13,16,33,44,29,3,28,197,15,4,28,235,,8,16,343,21*71
$GPGSV,4,3,13,28,10,146,21,10,10,63,,27,10,15,19,9,6,265,*74
$GPGSV,4,4,13,7,2,321,*4E
$BDGSV,0,1,00*69
$GNRMC,064049.000,A,0758.19955,S,03450.34895,W,0.000,68.04,140725,,,A*75
$GNZDA,064049.000,14,07,2025,,*40
$GNGGA,064050.000,0758.19954,S,03450.34891,W,1,07,1.25,28.4,M,-10.2,M,,*64
$GPGSA,A,3,02,31,26,16,08,28,27,,,,,,1.51,1.25,0.85,1*15
$BDGSA,A,3,,,,,,,,,,,,,1.51,1.25,0.85,4*05
$GPGSV,4,1,13,2,62,321,23,1,58,244,22,31,38,149,28,26,35,86,30*47
$GPGSV,4,2,13,16,33,44,27,3,28,197,16,4,28,235,,8,16,343,21*7C
$GPGSV,4,3,13,28,10,146,21,10,10,63,,27,10,15,18,9,6,265,*75
$GPGSV,4,4,13,7,2,321,*4E
$BDGSV,0,1,00*69
$GNRMC,064050.000,A,0758.19954,S,03450.34891,W,0.000,68.04,140725,,,A*78
$GNZDA,064050.000,14,07,2025,,*48
